17408.0
-1220.0
-452.0
-422.0
-650.0
-133.0
17240.0
-1288.0
-404.0
46.0
-93.0
241.0
16864.0
-1552.0
-676.0
-207.0
495.0
579.0
16852.0
-1576.0
-176.0
-125.0
713.0
67.0
16884.0
-1424.0
-328.0
80.0
165.0
-251.0
16844.0
-1316.0
-248.0
-107.0
-226.0
-23.0
16896.0
-1448.0
-116.0
-36.0
68.0
89.0
16996.0
-1360.0
-68.0
-58.0
198.0
-310.0
17052.0
-1436.0
72.0
-24.0
123.0
-278.0
17256.0
-1448.0
196.0
-450.0
-194.0
-27.0
17292.0
-1184.0
236.0
-337.0
37.0
44.0
17136.0
-1292.0
600.0
-403.0
1014.0
190.0
17156.0
-1364.0
1576.0
-632.0
2092.0
164.0
17020.0
-1336.0
1792.0
-711.0
1919.0
210.0
16596.0
-1308.0
1860.0
-1545.0
1325.0
47.0
17128.0
-1344.0
1924.0
-2048.0
423.0
-529.0
17276.0
-1332.0
1880.0
-2078.0
637.0
-548.0
17172.0
-1104.0
1972.0
-2031.0
2427.0
-239.0
17132.0
-1064.0
2180.0
-2550.0
3522.0
-298.0
16816.0
-808.0
2652.0
-2593.0
4286.0
-496.0
16624.0
-852.0
3048.0
-2334.0
4709.0
-427.0
16304.0
-844.0
3492.0
-3076.0
3979.0
-476.0
16180.0
-684.0
3720.0
-3897.0
2011.0
-893.0
16120.0
-716.0
3804.0
-4584.0
96.0
-950.0
16432.0
-684.0
3108.0
-5230.0
-858.0
-1213.0
16088.0
-836.0
3172.0
-5495.0
2551.0
-653.0
15968.0
-1408.0
2884.0
-6632.0
2908.0
-437.0
15648.0
-1676.0
3004.0
-5739.0
2619.0
-910.0
15684.0
-1548.0
2900.0
-5212.0
2140.0
-1997.0
15572.0
-1324.0
3276.0
-5162.0
2810.0
-2804.0
15716.0
-1176.0
3056.0
-5631.0
2817.0
-2523.0
15840.0
-1100.0
2968.0
-6345.0
865.0
-2372.0
15744.0
-1080.0
2848.0
-6633.0
-743.0
-2617.0
15600.0
-1232.0
2056.0
-6039.0
-233.0
-2497.0
16100.0
-1168.0
1672.0
-6082.0
-1182.0
-2502.0
16460.0
-1088.0
1764.0
-5501.0
-1252.0
-2528.0
16468.0
-1008.0
1476.0
-4851.0
-35.0
-1847.0
16352.0
-1204.0
1168.0
-5185.0
-958.0
-1289.0
16408.0
-1444.0
856.0
-4768.0
-1210.0
-1041.0
16692.0
-1652.0
892.0
-3856.0
-765.0
-1141.0
17080.0
-1752.0
376.0
-3244.0
-679.0
-799.0
16976.0
-1876.0
340.0
-1978.0
279.0
-121.0
17032.0
-2168.0
556.0
-1598.0
462.0
-48.0
16836.0
-2164.0
820.0
-1137.0
333.0
-558.0
16960.0
-1860.0
1620.0
-413.0
214.0
-1076.0
16552.0
-1764.0
1720.0
-260.0
251.0
-437.0
16540.0
-1628.0
1900.0
-705.0
-655.0
-211.0
16748.0
-1560.0
1984.0
-328.0
-559.0
-229.0
16472.0
-1536.0
2280.0
-17.0
510.0
-220.0
16388.0
-1676.0
2464.0
-375.0
35.0
-21.0
16472.0
-1544.0
2428.0
-329.0
-822.0
-131.0
16196.0
-1396.0
2320.0
-395.0
-1095.0
-205.0
16516.0
-1552.0
2156.0
-240.0
-438.0
-103.0
16424.0
-1432.0
2244.0
-93.0
219.0
-380.0
16588.0
-1144.0
2292.0
175.0
191.0
-387.0
16296.0
-1244.0
2448.0
-104.0
-33.0
-50.0
16232.0
-1348.0
2956.0
-308.0
181.0
206.0
16204.0
-1472.0
2736.0
-544.0
-1002.0
-53.0
16396.0
-1380.0
2604.0
-1035.0
-2428.0
-490.0
16812.0
-1360.0
2128.0
-924.0
-2209.0
-511.0
16848.0
-1288.0
1636.0
-1088.0
-1702.0
-265.0
16896.0
-1436.0
1472.0
-1497.0
-1481.0
-161.0
16668.0
-1608.0
1424.0
-1769.0
-1100.0
-189.0
16576.0
-1520.0
1480.0
-1897.0
-911.0
-443.0
16536.0
-1436.0
1500.0
-1402.0
-528.0
-785.0
16572.0
-1300.0
1620.0
-901.0
-617.0
-656.0
16940.0
-1152.0
1192.0
-877.0
-869.0
-495.0
16480.0
-1220.0
1028.0
-1028.0
-1085.0
51.0
16680.0
-1432.0
1432.0
-293.0
560.0
-121.0
16660.0
-1168.0
1756.0
63.0
1437.0
-410.0
16636.0
-1064.0
1628.0
-401.0
-19.0
-86.0
16700.0
-1264.0
1492.0
-736.0
-1074.0
310.0
16796.0
-1340.0
1392.0
-615.0
-581.0
145.0
16740.0
-1356.0
1112.0
-155.0
-752.0
65.0
16712.0
-1456.0
1208.0
-17.0
-146.0
-264.0
16740.0
-1312.0
1280.0
139.0
265.0
-122.0
16756.0
-1112.0
1140.0
-87.0
-186.0
-12.0
16684.0
-1248.0
1520.0
125.0
227.0
11.0
16492.0
-1268.0
1444.0
170.0
301.0
79.0
16312.0
-1200.0
1588.0
-350.0
285.0
79.0
16436.0
-1300.0
1876.0
-130.0
427.0
-147.0
16676.0
-1292.0
1544.0
-303.0
-775.0
-444.0
16948.0
-1164.0
1212.0
-546.0
-295.0
-181.0
16900.0
-1200.0
884.0
-572.0
-1074.0
255.0
16792.0
-1416.0
612.0
-271.0
-420.0
243.0
16656.0
-1544.0
840.0
-8.0
653.0
126.0
16688.0
-1540.0
424.0
78.0
239.0
-14.0
16896.0
-1436.0
604.0
505.0
-309.0
-228.0
16968.0
-1308.0
672.0
788.0
-61.0
-240.0
16916.0
-1352.0
152.0
490.0
-433.0
220.0
16684.0
-1456.0
-504.0
800.0
-1916.0
309.0
16868.0
-1556.0
-1012.0
1089.0
-3243.0
60.0
17144.0
-1760.0
-1424.0
1642.0
-3050.0
-256.0
17596.0
-1600.0
-2060.0
2223.0
-3015.0
-422.0
17576.0
-1268.0
-1840.0
3138.0
-1951.0
-404.0
17376.0
-736.0
-1892.0
4061.0
-965.0
72.0
16944.0
-528.0
-1372.0
4294.0
-727.0
797.0
17000.0
-448.0
-1848.0
4701.0
-2219.0
551.0
17048.0
-8.0
-1748.0
5281.0
-2011.0
323.0
16868.0
72.0
-1776.0
5536.0
-1536.0
303.0
16664.0
196.0
-1552.0
5835.0
-1228.0
351.0
16980.0
468.0
-716.0
6828.0
-512.0
-209.0
16520.0
-180.0
-212.0
6792.0
216.0
810.0
16932.0
-164.0
96.0
5608.0
-925.0
516.0
17252.0
-52.0
372.0
6221.0
-1403.0
-923.0
17840.0
716.0
324.0
5551.0
-1512.0
-777.0
17652.0
704.0
368.0
5487.0
-172.0
177.0
17688.0
704.0
340.0
5022.0
-700.0
451.0
17760.0
660.0
656.0
4739.0
-998.0
413.0
17116.0
768.0
692.0
4815.0
-277.0
709.0
17012.0
276.0
420.0
3881.0
-1569.0
1199.0
16916.0
-124.0
560.0
3593.0
-1575.0
1035.0
16708.0
-176.0
124.0
3254.0
-1405.0
477.0
16920.0
-296.0
612.0
3063.0
254.0
116.0
16900.0
-236.0
1000.0
2511.0
1437.0
355.0
17344.0
-160.0
1084.0
1679.0
95.0
-54.0
17276.0
-100.0
476.0
1040.0
-1895.0
-122.0
17196.0
-200.0
-240.0
477.0
-2672.0
450.0
17228.0
-288.0
-812.0
343.0
-1835.0
499.0
17132.0
-572.0
-1056.0
402.0
-367.0
575.0
16864.0
-688.0
-880.0
394.0
638.0
499.0
16784.0
-676.0
-776.0
196.0
15.0
-53.0
16748.0
-636.0
-844.0
-12.0
-60.0
28.0
16688.0
-524.0
-1032.0
-199.0
206.0
-99.0
16872.0
-704.0
-1312.0
-272.0
-310.0
-263.0
16992.0
-688.0
-1236.0
-429.0
-710.0
-372.0
17036.0
-568.0
-1248.0
-146.0
-132.0
-384.0
16960.0
-544.0
-1496.0
-307.0
-26.0
-267.0
17124.0
-516.0
-1176.0
103.0
675.0
-415.0
17024.0
-424.0
-1156.0
35.0
880.0
-176.0
17284.0
-800.0
-1532.0
-464.0
-649.0
-184.0
17432.0
-664.0
-1332.0
-378.0
-766.0
-615.0
17364.0
-404.0
-1580.0
-83.0
51.0
-526.0
17376.0
-192.0
-1708.0
-172.0
-79.0
-238.0
17388.0
-248.0
-1508.0
-94.0
24.0
32.0
17156.0
-328.0
-1292.0
-12.0
753.0
181.0
17244.0
-296.0
-968.0
152.0
295.0
56.0
16760.0
-576.0
-944.0
419.0
1885.0
445.0
16724.0
-448.0
-732.0
71.0
1971.0
350.0
17084.0
-436.0
-644.0
-248.0
241.0
-493.0
17208.0
-208.0
-840.0
-529.0
-1040.0
-472.0
17168.0
-324.0
-1052.0
-501.0
-711.0
98.0
17048.0
-312.0
-1336.0
-553.0
-190.0
140.0
16928.0
-536.0
-1132.0
-11.0
421.0
124.0
17036.0
-456.0
-888.0
-318.0
-497.0
-446.0
17328.0
-472.0
-1120.0
-245.0
-557.0
-324.0
17288.0
-308.0
-980.0
-4.0
150.0
-103.0
17280.0
-288.0
-616.0
7.0
750.0
-167.0
17148.0
-336.0
-776.0
-249.0
67.0
-151.0
17312.0
-324.0
-948.0
-533.0
-695.0
52.0
17180.0
-208.0
-1040.0
-443.0
-735.0
-13.0
16888.0
-308.0
-1140.0
-14.0
481.0
450.0
16760.0
-608.0
-740.0
-298.0
-194.0
-207.0
17144.0
-396.0
-948.0
-293.0
-1071.0
-517.0
17332.0
-292.0
-1040.0
-288.0
-572.0
-387.0
17392.0
-236.0
-1292.0
-185.0
91.0
55.0
17156.0
-324.0
-1004.0
-231.0
-17.0
246.0
17056.0
-472.0
-908.0
-158.0
308.0
315.0
17060.0
-632.0
-776.0
-111.0
411.0
99.0
16916.0
-268.0
-468.0
-53.0
345.0
-236.0
17092.0
-212.0
-1220.0
-675.0
-1148.0
-165.0
17144.0
-264.0
-1152.0
-299.0
-622.0
13.0
17040.0
-336.0
-1392.0
-255.0
161.0
73.0
16772.0
-472.0
-1024.0
-172.0
383.0
98.0
17008.0
-500.0
-768.0
68.0
340.0
-368.0
17028.0
-248.0
-644.0
-168.0
336.0
-722.0
17248.0
-120.0
-980.0
-259.0
-429.0
-430.0
17480.0
-176.0
-1172.0
-519.0
-1146.0
-355.0
17140.0
-236.0
-1244.0
-180.0
438.0
252.0
17080.0
-180.0
-1084.0
-166.0
132.0
-278.0
17024.0
-304.0
-1064.0
-164.0
-85.0
-38.0
17048.0
-384.0
-1100.0
-646.0
-924.0
-242.0
17400.0
-320.0
-1052.0
-365.0
-881.0
-231.0
