2456.0
-16052.0
-5528.0
-163.0
1051.0
225.0
1840.0
-15844.0
-5924.0
-388.0
371.0
-130.0
1488.0
-15968.0
-5724.0
-216.0
-533.0
90.0
2184.0
-15972.0
-5648.0
-173.0
-687.0
224.0
3228.0
-15828.0
-5480.0
-271.0
-83.0
211.0
2480.0
-16052.0
-5596.0
-38.0
241.0
359.0
2532.0
-15964.0
-5424.0
-77.0
510.0
268.0
1960.0
-15868.0
-5640.0
-127.0
711.0
251.0
1700.0
-15932.0
-5808.0
-186.0
377.0
625.0
2236.0
-16288.0
-5416.0
-255.0
605.0
656.0
1704.0
-16420.0
-5372.0
-100.0
240.0
731.0
1420.0
-15964.0
-6104.0
-125.0
-1439.0
570.0
704.0
-15932.0
-6372.0
-573.0
-4498.0
462.0
1348.0
-16708.0
-5744.0
-482.0
-4758.0
1237.0
1140.0
-15804.0
-5364.0
-301.0
-6061.0
78.0
2888.0
-16264.0
-4608.0
382.0
-2675.0
1604.0
4208.0
-17092.0
-6004.0
379.0
-913.0
114.0
-184.0
-16464.0
-5828.0
-367.0
-3299.0
307.0
3272.0
-15624.0
-5208.0
-221.0
-3175.0
797.0
700.0
-16096.0
-5596.0
93.0
-1425.0
-1076.0
756.0
-15868.0
-4072.0
254.0
-839.0
-559.0
6452.0
-15604.0
-5216.0
65.0
-445.0
-1927.0
3528.0
-16124.0
-4944.0
160.0
2438.0
-3657.0
1864.0
-16568.0
-6076.0
357.0
4182.0
-2952.0
2852.0
-15864.0
-6176.0
-147.0
632.0
-3723.0
5620.0
-16152.0
-4576.0
-905.0
3780.0
-4682.0
6160.0
-15876.0
-4244.0
-282.0
6708.0
-5346.0
4892.0
-15972.0
-5404.0
433.0
6552.0
-6411.0
4832.0
-16724.0
-5848.0
-143.0
4281.0
-6409.0
6700.0
-16048.0
-5284.0
-489.0
2733.0
-6554.0
6064.0
-15992.0
-4464.0
-139.0
2224.0
-6400.0
5484.0
-15820.0
-4228.0
-129.0
2886.0
-5683.0
7332.0
-15320.0
-3760.0
129.0
3469.0
-5542.0
7220.0
-15720.0
-4272.0
938.0
4476.0
-4442.0
6960.0
-14524.0
-4684.0
621.0
4383.0
-4077.0
6908.0
-14148.0
-4188.0
427.0
3412.0
-3239.0
8536.0
-13996.0
-4592.0
392.0
3003.0
-3473.0
8616.0
-13648.0
-4480.0
-173.0
1429.0
-3982.0
8200.0
-14268.0
-3008.0
-384.0
936.0
-2701.0
10140.0
-14072.0
-2120.0
-189.0
1044.0
-2744.0
10096.0
-13492.0
-2136.0
346.0
3715.0
-1957.0
10420.0
-13444.0
-2600.0
605.0
3374.0
-1597.0
7244.0
-13156.0
-2460.0
612.0
2817.0
-1420.0
8292.0
-13148.0
-3276.0
377.0
2361.0
-96.0
9240.0
-12900.0
-3764.0
-183.0
880.0
32.0
8128.0
-13340.0
-2660.0
-914.0
-1527.0
-90.0
9320.0
-13252.0
-2576.0
-885.0
-1682.0
392.0
10524.0
-13260.0
-2328.0
-1181.0
-968.0
324.0
10196.0
-13100.0
-2368.0
-1071.0
-717.0
247.0
10312.0
-13700.0
-2040.0
-616.0
-709.0
1015.0
11152.0
-13640.0
-2072.0
-329.0
146.0
715.0
10424.0
-13452.0
-2404.0
-378.0
356.0
469.0
9624.0
-13664.0
-2136.0
-207.0
178.0
503.0
10744.0
-13424.0
-2476.0
-354.0
104.0
271.0
10228.0
-13448.0
-2304.0
-336.0
-153.0
-288.0
9912.0
-13524.0
-2544.0
-426.0
-199.0
-34.0
10168.0
-13612.0
-2324.0
-491.0
-330.0
-224.0
10196.0
-13416.0
-2404.0
-522.0
-311.0
-344.0
10168.0
-13908.0
-2044.0
-467.0
-274.0
-324.0
9992.0
-13712.0
-1916.0
-228.0
740.0
-401.0
10120.0
-13752.0
-2268.0
-131.0
1274.0
-1.0
10332.0
-13508.0
-2204.0
-108.0
381.0
-274.0
9672.0
-13204.0
-2300.0
-4.0
469.0
-220.0
9412.0
-13352.0
-2372.0
-16.0
723.0
1.0
10208.0
-13100.0
-2500.0
-111.0
84.0
-103.0
9984.0
-13332.0
-2184.0
-127.0
-1182.0
-241.0
10476.0
-13728.0
-1784.0
-58.0
-609.0
-202.0
10348.0
-13368.0
-2132.0
13.0
-152.0
-279.0
9988.0
-13700.0
-2188.0
-59.0
-518.0
-266.0
9792.0
-13488.0
-1896.0
-37.0
-227.0
-223.0
10728.0
-13360.0
-2396.0
-144.0
-61.0
-327.0
9604.0
-13412.0
-2360.0
-150.0
-7.0
-406.0
9628.0
-13260.0
-2360.0
-269.0
-197.0
132.0
9452.0
-13412.0
-2364.0
-396.0
9.0
221.0
9892.0
-13036.0
-2448.0
-623.0
-511.0
476.0
10020.0
-13528.0
-2132.0
-569.0
-656.0
389.0
9788.0
-13596.0
-2076.0
-546.0
-702.0
522.0
10352.0
-13768.0
-2004.0
-548.0
-395.0
638.0
10528.0
-13488.0
-2000.0
-467.0
-100.0
436.0
10168.0
-13464.0
-2004.0
-416.0
414.0
160.0
10316.0
-13612.0
-2680.0
-268.0
-591.0
-237.0
10688.0
-13468.0
-1932.0
-268.0
-1251.0
-367.0
9976.0
-13752.0
-2044.0
-165.0
-516.0
-449.0
9960.0
-13340.0
-2236.0
-74.0
681.0
-118.0
10024.0
-13492.0
-2884.0
-78.0
176.0
-334.0
9648.0
-13548.0
-2496.0
-191.0
-211.0
-326.0
9540.0
-13416.0
-2356.0
-203.0
-93.0
-101.0
10252.0
-13524.0
-2680.0
-222.0
301.0
-52.0
10372.0
-13412.0
-2904.0
-153.0
187.0
-391.0
9160.0
-13672.0
-2204.0
-229.0
-513.0
3.0
10044.0
-13472.0
-2524.0
-174.0
-270.0
-50.0
9604.0
-13480.0
-2584.0
-266.0
-24.0
35.0
9044.0
-13288.0
-2792.0
-462.0
-614.0
356.0
9312.0
-13596.0
-2680.0
-635.0
-921.0
604.0
10780.0
-13380.0
-3020.0
-730.0
-1128.0
199.0
9736.0
-13448.0
-2640.0
-741.0
-1181.0
150.0
9388.0
-13992.0
-2512.0
-884.0
-1323.0
745.0
10136.0
-13628.0
-2572.0
-528.0
-167.0
348.0
9832.0
-13812.0
-2552.0
-481.0
-211.0
352.0
10344.0
-13756.0
-2744.0
-466.0
-497.0
357.0
10776.0
-13440.0
-2584.0
-490.0
-687.0
-37.0
11256.0
-14024.0
-2700.0
-197.0
82.0
-294.0
9484.0
-13592.0
-2780.0
133.0
652.0
-653.0
10064.0
-13432.0
-3092.0
-9.0
-323.0
-697.0
9344.0
-13640.0
-2812.0
-109.0
-33.0
-160.0
10124.0
-13584.0
-2764.0
-36.0
467.0
-206.0
9344.0
-13764.0
-2980.0
-113.0
718.0
-241.0
9552.0
-13680.0
-3092.0
-139.0
376.0
-165.0
9752.0
-13416.0
-3152.0
-81.0
189.0
-208.0
9948.0
-13528.0
-2748.0
-275.0
55.0
-203.0
8992.0
-13568.0
-2640.0
-353.0
93.0
196.0
9776.0
-13328.0
-2604.0
-367.0
468.0
499.0
9744.0
-13796.0
-2852.0
-306.0
522.0
92.0
9884.0
-13448.0
-2404.0
-535.0
-893.0
-42.0
10516.0
-13716.0
-2488.0
-278.0
87.0
43.0
9900.0
-13520.0
-2784.0
-217.0
177.0
-372.0
9724.0
-13604.0
-2520.0
-386.0
-681.0
76.0
9972.0
-13600.0
-2356.0
-173.0
-113.0
16.0
9724.0
-13560.0
-2720.0
-247.0
142.0
-77.0
9524.0
-13604.0
-3016.0
-200.0
9.0
54.0
9824.0
-13508.0
-2948.0
-216.0
-391.0
-54.0
9788.0
-13552.0
-2640.0
-409.0
-649.0
34.0
10060.0
-13644.0
-2760.0
-218.0
-587.0
-23.0
9572.0
-13668.0
-2892.0
-160.0
-146.0
182.0
9524.0
-13272.0
-2696.0
-298.0
-288.0
281.0
9972.0
-13376.0
-2812.0
-132.0
-338.0
365.0
8976.0
-13776.0
-3032.0
-145.0
-401.0
262.0
8624.0
-13732.0
-2984.0
-343.0
-282.0
938.0
9196.0
-13664.0
-3364.0
-612.0
-745.0
1109.0
9392.0
-13716.0
-3364.0
-1001.0
-713.0
1384.0
7732.0
-14032.0
-3504.0
-971.0
-830.0
1740.0
7516.0
-13976.0
-4064.0
-1101.0
-1354.0
2445.0
7880.0
-14088.0
-4268.0
-1313.0
-2922.0
2778.0
7856.0
-15044.0
-3532.0
-1264.0
-4387.0
2788.0
8656.0
-14564.0
-2572.0
-653.0
-2733.0
3396.0
6264.0
-14812.0
-3324.0
-628.0
-1859.0
3700.0
6804.0
-15272.0
-5208.0
-1492.0
-2678.0
4934.0
7040.0
-15160.0
-4548.0
-842.0
-4865.0
4175.0
4172.0
-15924.0
-6264.0
-1117.0
-7243.0
4822.0
5504.0
-16100.0
-4324.0
-1514.0
-8817.0
4562.0
7036.0
-16068.0
-5188.0
-719.0
-8640.0
4871.0
4236.0
-16512.0
-5372.0
-597.0
-7310.0
5027.0
5008.0
-16236.0
-4916.0
-432.0
-4882.0
6059.0
6760.0
-15368.0
-5816.0
-166.0
-4025.0
4621.0
4132.0
-15684.0
-5896.0
-255.0
-2029.0
4049.0
5040.0
-15276.0
-6520.0
-396.0
-2579.0
3357.0
3280.0
-16356.0
-5824.0
-784.0
-4075.0
2458.0
1108.0
-16420.0
-6040.0
-356.0
-3130.0
3330.0
3068.0
-16056.0
-6656.0
-854.0
-4043.0
3098.0
3232.0
-15908.0
-5748.0
-916.0
-5347.0
2113.0
4200.0
-15544.0
-5436.0
-79.0
-2493.0
1694.0
5392.0
-14780.0
-7176.0
-1091.0
216.0
-553.0
3808.0
-15468.0
-7404.0
-1196.0
1357.0
-2526.0
-3656.0
-17388.0
-4780.0
-508.0
-898.0
-482.0
-924.0
-15964.0
-6776.0
536.0
-604.0
2153.0
4740.0
-15476.0
-7056.0
-927.0
-401.0
936.0
2132.0
-16752.0
-5804.0
-936.0
-22.0
-867.0
132.0
-15916.0
-6016.0
-411.0
-195.0
-317.0
832.0
-15968.0
-6640.0
-657.0
-980.0
148.0
1180.0
-15824.0
-6524.0
-506.0
-378.0
240.0
1464.0
-15928.0
-6460.0
-521.0
-251.0
139.0
936.0
-16048.0
-6604.0
-445.0
-498.0
-114.0
1624.0
-15648.0
-7020.0
-497.0
-533.0
-304.0
1184.0
-15996.0
-6316.0
-518.0
-221.0
-336.0
928.0
-15880.0
-6676.0
-362.0
-779.0
-67.0
1400.0
-15792.0
-6876.0
-397.0
-1150.0
-127.0
1616.0
-15856.0
-6644.0
-516.0
-1117.0
-177.0
1304.0
-16004.0
-6308.0
-358.0
-794.0
-187.0
1424.0
-15848.0
-6684.0
-355.0
-485.0
-107.0
1624.0
-15776.0
-6772.0
-384.0
-391.0
-128.0
1172.0
-15732.0
-6732.0
-171.0
-278.0
-130.0
1324.0
-15816.0
-6608.0
-391.0
-530.0
-69.0
1568.0
-15832.0
-6656.0
-326.0
-231.0
0.0
1136.0
-15896.0
-6640.0
-305.0
-425.0
-182.0