-14816.0
-2332.0
1712.0
-198.0
-90.0
-76.0
-14956.0
-2372.0
1716.0
-182.0
504.0
-291.0
-14956.0
-2980.0
1288.0
136.0
350.0
-574.0
-15112.0
-3004.0
916.0
-8.0
993.0
-57.0
-15292.0
-2532.0
1012.0
63.0
582.0
117.0
-15320.0
-2444.0
700.0
87.0
178.0
-1.0
-15444.0
-2576.0
784.0
-74.0
-205.0
-119.0
-15148.0
-2144.0
736.0
-248.0
-774.0
-232.0
-15176.0
-2456.0
800.0
-576.0
-1096.0
-321.0
-15100.0
-2760.0
1256.0
-613.0
-1237.0
-315.0
-14708.0
-2900.0
1708.0
-452.0
-1022.0
-285.0
-14512.0
-2908.0
1916.0
-170.0
-458.0
-129.0
-14580.0
-3132.0
2200.0
81.0
244.0
101.0
-14852.0
-3088.0
1636.0
254.0
671.0
176.0
-15324.0
-2744.0
1036.0
121.0
643.0
330.0
-15920.0
-2360.0
468.0
-710.0
-995.0
449.0
-15864.0
-2516.0
1180.0
-32.0
-2211.0
264.0
-15812.0
-3172.0
1400.0
509.0
-2859.0
143.0
-14932.0
-2924.0
2196.0
1119.0
-3203.0
181.0
-14704.0
-2132.0
2304.0
686.0
-3169.0
320.0
-14732.0
-2288.0
2796.0
-420.0
-1753.0
606.0
-16168.0
-3524.0
3072.0
-484.0
-1879.0
632.0
-16524.0
-3016.0
2488.0
87.0
-2368.0
665.0
-16688.0
-2260.0
3764.0
1656.0
-3469.0
1970.0
-16168.0
-2540.0
4156.0
1758.0
-2494.0
2780.0
-14972.0
-1856.0
4284.0
1468.0
77.0
3897.0
-14892.0
-1316.0
4004.0
1029.0
1591.0
4767.0
-14880.0
-992.0
3484.0
738.0
1248.0
5169.0
-15084.0
-468.0
3128.0
739.0
-31.0
4896.0
-14784.0
4.0
2904.0
759.0
-1596.0
4972.0
-14052.0
896.0
3832.0
827.0
-1247.0
5088.0
-13852.0
1552.0
4204.0
818.0
-360.0
5341.0
-13884.0
2128.0
4140.0
972.0
-303.0
5226.0
-14164.0
2112.0
4004.0
990.0
-39.0
5177.0
-13980.0
2708.0
3636.0
1330.0
-585.0
5115.0
-12948.0
4036.0
3200.0
1335.0
-889.0
4636.0
-12520.0
4396.0
3132.0
743.0
-291.0
4132.0
-12204.0
4672.0
3108.0
558.0
334.0
3748.0
-11948.0
5208.0
3088.0
555.0
222.0
2879.0
-11976.0
5660.0
3180.0
56.0
-43.0
1207.0
-12380.0
5816.0
3144.0
-106.0
78.0
509.0
-12812.0
5512.0
3408.0
-110.0
544.0
-48.0
-13580.0
5036.0
3508.0
-152.0
255.0
-183.0
-14032.0
5108.0
3128.0
-88.0
-282.0
-414.0
-13844.0
4984.0
3356.0
-124.0
-781.0
-323.0
-13528.0
5096.0
3652.0
0.0
-819.0
-346.0
-13564.0
4980.0
3536.0
60.0
-328.0
-348.0
-13624.0
5124.0
3488.0
143.0
114.0
-289.0
-13984.0
5080.0
3416.0
-12.0
135.0
-247.0
-14476.0
4948.0
3096.0
-159.0
-13.0
-44.0
-14508.0
5072.0
3296.0
-279.0
-19.0
128.0
-13912.0
5132.0
3300.0
-148.0
-387.0
284.0
-13268.0
5072.0
3464.0
-216.0
-228.0
232.0
-13120.0
5276.0
3524.0
-127.0
-308.0
67.0
-13164.0
5432.0
3332.0
-107.0
-172.0
-191.0
-13688.0
5112.0
3588.0
-230.0
260.0
-344.0
-13988.0
4924.0
3420.0
-238.0
185.0
-315.0
-13884.0
5096.0
3420.0
-149.0
44.0
-245.0
-13860.0
5024.0
3176.0
-32.0
-26.0
-159.0
-13708.0
5116.0
3344.0
-29.0
-191.0
-191.0
-13716.0
5280.0
3160.0
-146.0
-343.0
-256.0
-13456.0
5164.0
3128.0
-242.0
-377.0
-266.0
-13352.0
5100.0
2952.0
-453.0
-109.0
-356.0
-12400.0
5312.0
3316.0
-437.0
-455.0
-1234.0
-11892.0
5200.0
3084.0
-378.0
-715.0
-1863.0
-11948.0
5252.0
3260.0
-587.0
-94.0
-2860.0
-12220.0
4740.0
3188.0
-871.0
-203.0
-3677.0
-12996.0
4200.0
2804.0
-1085.0
-490.0
-4357.0
-13064.0
3756.0
3472.0
-1429.0
-580.0
-5005.0
-12668.0
3484.0
3468.0
-1620.0
-343.0
-5196.0
-12964.0
2932.0
2764.0
-2411.0
1250.0
-5427.0
-15040.0
1768.0
3804.0
-2421.0
1900.0
-5284.0
-14924.0
456.0
3876.0
-2173.0
-525.0
-5901.0
-14804.0
-340.0
3976.0
-1696.0
-906.0
-5614.0
-14956.0
-124.0
4348.0
-1811.0
993.0
-5015.0
-15288.0
-704.0
3592.0
-2272.0
1081.0
-4357.0
-15924.0
-1280.0
3420.0
-1760.0
2278.0
-3651.0
-16380.0
-1764.0
2888.0
-1538.0
1883.0
-3219.0
-15896.0
-1624.0
2772.0
-1114.0
393.0
-2945.0
-14952.0
-1320.0
2392.0
-1554.0
669.0
-2378.0
-14552.0
-1780.0
3200.0
-1745.0
662.0
-2571.0
-19196.0
-3396.0
2772.0
-2911.0
2219.0
-713.0
-16228.0
-4212.0
2280.0
-1909.0
2514.0
100.0
-12724.0
-2028.0
1904.0
-1366.0
282.0
-492.0
-12700.0
-572.0
1612.0
-1423.0
-1383.0
-1987.0
-21876.0
-2812.0
3072.0
-1558.0
2652.0
-916.0
-13340.0
-5200.0
2972.0
-1773.0
2035.0
-617.0
-15696.0
-3320.0
1640.0
288.0
115.0
-404.0
-15548.0
-2308.0
1280.0
441.0
195.0
555.0
-14340.0
-2564.0
1716.0
-1300.0
985.0
-249.0
-14796.0
-3900.0
1980.0
-383.0
62.0
-429.0
-15256.0
-2996.0
1760.0
698.0
-346.0
567.0
-14796.0
-1812.0
1684.0
-178.0
359.0
51.0
-14480.0
-2176.0
1892.0
-745.0
1100.0
-283.0
-14912.0
-2960.0
1284.0
-271.0
740.0
-203.0
-15432.0
-2812.0
892.0
-462.0
-36.0
-244.0
-15084.0
-3044.0
1296.0
-414.0
-656.0
-186.0
-14972.0
-2984.0
1372.0
-223.0
-947.0
-143.0
-14804.0
-2876.0
1492.0
-325.0
-828.0
-52.0
-14724.0
-2752.0
1764.0
-381.0
-459.0
-16.0
-14840.0
-2740.0
1792.0
-422.0
-225.0
-110.0
-14852.0
-3024.0
1756.0
-390.0
-41.0
-198.0
-14828.0
-3048.0
1596.0
-254.0
40.0
-140.0
-14896.0
-2880.0
1456.0
-322.0
41.0
-2.0
-14868.0
-2708.0
1540.0
-217.0
186.0
-44.0
-14944.0
-2760.0
1236.0
-572.0
147.0
-142.0
-15060.0
-3004.0
1228.0
-546.0
139.0
-133.0
-15124.0
-3008.0
1612.0
-295.0
-272.0
-15.0
-15064.0
-2972.0
1468.0
-228.0
-332.0
-113.0